# Created by Octave 4.0.0, Wed Jul 06 20:39:33 2016 Pacific Daylight Time <unknown@DESKTOP-PHVJ9EM>
# name: A
# type: matrix
# rows: 4
# columns: 4
 16 2 3 13
 5 11 10 8
 9 7 6 12
 4 14 15 1


# name: B
# type: matrix
# rows: 1
# columns: 1000
 -0.1559178189214894 -5.9090772537416 7.477804068865655 5.692801853502154 -12.58331189079091 13.7737406766494 -26.01282148730801 -21.88226185746305 6.003804592254477 -3.329599687147224 -15.35924832122914 1.121607718430439 -6.727945559217215 -6.315107528215583 7.993289518085763 19.53568402866332 -13.82847973042369 0.2441782347841848 -7.612935914268266 2.462426154804748 -25.94655556092259 -1.624937918937642 19.9762677656602 -5.258922143505684 -2.92533014775376 -6.724733083377739 -0.4094680871918834 15.94120756363327 -19.38509544684463 -4.303319109871641 -25.36554951545736 -8.546659275395321 0.6883554920231685 -2.981561146927544 3.83317841804511 1.513508210683743 12.54114939476098 8.008812468764393 10.38093572870351 -7.25597881376788 9.304080845244487 -20.22337226484024 -3.392116210809807 0.01975129426198263 -9.987535666843304 -6.121063026024718 -1.383439519204259 -15.26545987926123 2.677494149831807 -14.71415866494364 3.815307383050563 -8.560050876217286 -5.235949570579313 4.898178546727691 -1.170775389343413 -17.84833603448215 11.09575900586247 -9.857702317282435 -15.94079367560726 -25.84117058212969 -0.5216432422392603 -3.204566593366858 -30.91899479668935 -10.52904408970079 -3.138756573162664 7.096160866370617 8.253462546819467 7.209836154833553 -21.77680755696359 -12.98279287966735 -7.660007713485787 -0.6545082539615561 8.966380554601052 -13.52574191290036 -3.422341227676503 -0.533785439796393 1.156993940994671 3.925932972964526 5.170291482530592 -12.70557842146625 11.28261974527611 -11.72039358579129 -11.73856593292457 -6.147999771922029 -6.733058964837143 -4.49855712891542 -2.807264004883326 3.421171182204972 6.45304918430393 3.976112310289622 -25.915768526924 15.37403129325494 1.660002595158997 -17.26422738826711 10.3415658600621 -8.991548042224142 -4.418249877473471 -7.099982139300885 -10.65353303653047 10.19829010491093 -5.267382384991316 0.8879818977888521 -10.40155361962048 -21.06476590064841 9.317747729290993 5.649215573998568 12.40200032306441 0.1607702456037217 -8.36385952855702 0.348818962605689 5.827366827461059 -9.195712303325557 2.937056796917807 -5.88064141281472 1.658144136695938 -16.27777763287997 2.370456505168367 -10.08956232294637 -0.1708328202465581 -5.64771285261731 -2.568734440061553 -20.70868085395707 13.18169091628834 4.174317803364822 -0.5787975777755809 -6.635226759451516 -5.967272129598852 -15.93088494727016 -11.34160409004801 -4.103198810016398 -13.33368651486112 2.694516205442777 5.00676062067736 4.592531561291706 11.94334471715701 -9.412872254810853 -3.017255549839529 13.86790245914928 3.512792685930182 -12.7960782621288 -3.412403381863106 -20.62770094301294 5.146725500858439 -11.40091781248471 -1.025794466018217 -8.751701244923577 5.559988665295254 -3.685146466395931 -6.389249039979296 6.634845797236476 -8.639649920398991 -7.647312920075585 23.21143385607194 -3.582649010701962 4.847595790811383 3.001051697388272 -1.142663822024058 -15.123718880848 -14.18931016019024 -0.5000870582057471 0.9884236738830388 -11.01124583867171 -2.547877459127351 -3.390340091376782 7.594611901018464 1.389058538565714 7.263756692774287 -3.987559386781956 -12.89014636097282 6.489579627193685 -7.876814770524659 0.7216055938614878 5.976209134573383 8.05789498821242 -6.255973754118902 2.255183645345889 -11.39354211623427 7.723015075602959 -4.059438918681946 -10.87309150324634 -20.00841934973715 -1.412926972739553 14.50383982243567 -4.985619652725003 0.533539057976693 1.619651744158105 -13.80681266230355 -2.711109769897935 8.131641982262837 -13.31399837222446 -28.38827999041317 0.6358742231637935 -5.459839040506528 -9.26274756675112 -25.29143280313533 -17.41998099259056 -9.859471388892556 -7.948190167753423 -17.06754447546414 -7.491486399954879 -2.496088118768856 2.216813921784778 -1.271259192788387 3.396529427192322 -11.38123880814197 -1.530549884180224 -8.11614044724754 2.786459877338162 1.68232787058615 9.31284032625209 6.761818631432376 5.935857564122276 4.927890427615728 9.088298498710222 -18.13188164805478 4.428581043559005 3.663569589381446 33.13190808901808 -3.794143953113377 -1.514744837119313 -5.230873389517269 -12.70269455185353 -3.421768934771261 5.91452914852027 9.2349332449659 12.04956169720261 -7.440519364706406 2.336326272112528 0.7499833236027706 11.59659923036891 -6.547485039457952 -6.673207669756234 -9.052289448813221 -4.745583868297512 -3.118935705180428 -12.84483755884867 -2.080043195071818 10.3411084674593 -8.735010634696479 18.12692815037533 9.952420816498355 0.06999112650816386 -2.922349049803382 5.31476288174979 -8.519162954983106 -17.53313972347176 -12.46809138291792 -4.444673704681994 -11.17700848329851 1.166688902201662 4.334324824146559 -18.98146961409694 10.71125702632562 -7.829935738273093 4.750641271198325 -21.01094358041306 -1.240470498966711 0.8811847113633058 14.04727719597641 4.611357057232286 -5.928247994611715 9.140810721675807 -1.076349891871787 -1.448846499074833 -10.29129147068277 2.128299005155537 21.00347889949445 -9.354383584695519 -4.195227706955678 1.931726357176164 22.67053949481137 7.750428508966756 21.08727782724753 -9.304378941483089 -11.79889563520028 -17.51255139450732 -11.50407346769827 9.153049231117217 -12.32195606144071 -11.82186090200588 2.685368264522547 0.00346158804825869 -15.00446093956232 -32.53809468668793 -1.580903686096521 -3.98764003062421 -9.6260819543817 -7.086254957241443 3.438093273922327 -4.331851560306631 5.190487634300149 9.136413377391989 -21.95134771084005 -3.840979395333986 -27.1243758309157 3.012593961519315 -2.480986092720092 -28.1613195989213 -5.370636287400698 9.891948219815564 18.89368054368217 -4.949196850078915 -22.09768809370687 6.174291797190376 13.25512722625659 -6.409440186359435 1.172867638639782 -0.03078893344857736 -0.9458922033292847 1.029581881156282 -3.918668944974224 6.406386707041994 9.223627932676939 -9.459572192416449 -3.174637789060755 10.05312482323432 -3.654684655668363 -8.322797967161534 5.070985745898632 -4.815368492133152 -9.902744112873549 12.26876034911169 -3.211861092928006 -3.839917899394711 -10.54741363794701 -9.402786227694786 1.162256020705366 -4.034710440137745 -0.1367653964616755 6.32824118415054 1.925183374774172 -17.90168436918701 -2.85681873991897 16.19744876810799 -8.681127083021028 -23.19348126609773 -15.40007475086643 -11.88432128625294 24.39166087673297 -3.729337045724214 -1.506462047961481 -8.802077312458742 -11.74020707172144 -4.122041186164918 -24.32657471407484 -20.33212396199291 -1.941762481898661 2.441829395432469 -16.24407254503724 -2.626485821717541 2.754802761124664 6.690048452013363 9.079018712975335 2.773699012550443 -11.6346136103937 -0.6513224123230583 -5.455504562680517 1.423898721636548 -5.168545804772798 -7.631125844100483 -10.32628971533754 -1.477861145295545 2.440219649565563 -0.1489114066887511 -4.073211722287672 -3.087673516242289 -6.022792731263656 -0.3638979816716219 -7.886141687250066 6.418205928713242 7.212987802240558 -11.38210271866452 3.136403066015652 15.89977213660434 8.074482445379239 -6.440958270470013 6.822776952524844 -1.998153670564257 -4.967128889184689 -4.108829818224003 -10.25346667615475 -13.99112036514315 -18.89778869796144 2.805973122839061 -1.117806922957061 -11.09259578386929 -24.22341419006935 -5.932286814459658 -4.745250922466675 3.946099381086306 -3.585535560591323 -7.160945686786495 -4.72227416864218 -1.338382144460373 -10.5740325054869 -4.134745195456906 -4.291886494669239 -17.72678550238016 -9.066381246745042 -11.52709479876106 1.566454086447148 -21.23946293476092 -12.19948654409626 5.406360531058416 1.061953599473954 -12.25230973026794 -3.770172467793631 -4.162781221329255 -1.640280427260052 15.4053079430015 -7.765081402990722 9.399519904612564 6.930107244282953 -14.14716492483221 -5.627981900195486 -6.987087650824382 -3.778101882864635 